-8154487476415844381
-5623547196141180906
1462816153881867142
1280276230642365654
-2803945696651582663
3432785157498118015
2746501445860109896
-8187535675452736360
-8932393537028096944
-7474443679465046202
5241244723278082383
3116528530700280005
-289621170096973728
6064747028441148507
7940005954358729073
2775242379558305986
-3599118311677655690
-1596760348333107381
-3628664006457008278
4837445470955448656
5575645067816872061
3478705803723796033
-7278062781940003288
-8165023988402337295
7954399569398903077
-3127153506187034211
-8104145970459092185
8332153355910915468
3213811651287863822
585306093911891293
-8784638204297317303
-1200265662788437923
3655294463481307000
4570213886520969431
6058097066991440356
1106227070413452895
3696059881157872164
-9181598916377963642
-7334026267022337566
8184036816958315832
-4160573741850972751
2321028645046736469
4897305722638832914
-1917386252851161805
6861788775300332199
3106217281421907490
-1486882976820865952
8771642731507867204
-2063807826834912197
-4958317051974433713
-567284884809311518
5273275695145036500
-3542347327227764403
-4337255203028922742
-5118180830280506045
6759799971311636631
2783958726245505809
7405673089035154402
-6713861888395070312
3675475199739210409
3127290940038906952
1609996391038449004
6741221941322531761
7456776028003137446
-7671128215078909011
6256273937698862562
-4095757816051757314
6170589911883935962
-6948030614872038984
7473350955145067747
1429669809780796456
-5261194890468109868
4245821096094707905
5910251421787879316
3350740882359218211
-6528247100398618924
4250132109095430324
-5660619869801266857
-3773660645931999020
7017021434960040644
-3633737197216958119
4911088647508401844
1583805227929127489
1916996455961329578
3175483521882335685
6671917827120216753
4095457165846778676
5223092468695807811
-6266384383940267219
3650182531376261298
-2100576171056086558
-7343019928332197852
-7979688550503088527
7390029851259059527
-904163767621027284
-9212146475593570031
-601110262204240747
-4685302987589038297
-8890643770439731340
-4153990473511459903
-1616349609833014654
3070102670786783980
-42469326218010758
-7208512659193220194
-1051463883695507590
-6600530244617565724
-3152953235524635103
2526675803239663557
-5185296697150913235
7775325334038172660
-1520616516437775425
8219122170740105457
-503638851318172857
-6459382040265923671
5867126799547092204
6844570225668352682
6552464954949559899
3428042057711494462
-194107461094195930
8114228280071322076
-6524085425161829444
-2069831423995343983
-2292187305343157942
-3285780936532483465
9030312835603254291
3254691398500248171
-552746574011091821
8838751671398037921
8362825424977601807
-3419616542080903256
-6401029776074176218
-5862699637288077158
9173636746680894437
-1027890130777211282
3692268138418696315
-6738999160391579368
9142194488591877662
5460963992307682861
-4189490033814918397
6928968672530567559
2209553939226741022
-6736555736875315784
-5043363804213482931
-4247237297428419060
-2016908186976366634
-3115338227393682095
-5991895951905173114
-7627778897141372716
-9203377213902987389
-4320870211734560827
-3338015882631136167
6681649410185366614
8304814163550709548
4653447333036534113
8084248265139946641
2489538313211278897
7525806437330614863
-8642322263326725850
-6263588035567443918
7841830331942896852
-5742747935624858593
7400515494971570353
8931555904089311658
-5312066661244959441
-219319014134707367
839977692193514638
-7815645226354098256
3198768134110495629
9109244331241084831
5599431859243809199
4044145685491759599
-4960743769040597858
2730034295151398329
-8209364951661305104
3810527330025089932
8164057394776908088
6442764369759357526
-5730143722365739824
6723476398386521272
5018426570846623939
7793359252857724089
3098163829104804599
-5005526935656852075
5593538864914451993
-352734604829257531
6231425530877341554
-6426250623984290176
4352481753158906198
5888610393400077898
-833344203208434105
-5028576812559815292
1018185852153220209
7297276761013922365
2555762778191416599
7004333238645040608
665771739415444825
7268562959754105013
-441300614097266605
3217811166113225063
-1528353751960792283
1459315198938531892
-1500463244483103663
-932344180638761632
-7173357250161260067
-3158247818294589037
2776920561066097786
7712513733872481188
5149216765651332361
-6628700576208605779
1907320744389719258
-4890076999289760474
-7601277702148232030
-304198523462820875
1373471653169955253
3482526864742800461
3243481922414958416
-1816080241727391036
7502152757066818838
-3724835309533055940
2333355094951102496
-4424284628984968353
-7323064351144245060
6513101331564327478
2343448045614983812
7214633594354745250
-5843046174208556686
-1692956618109431335
-4823012843646770549
563510943962515517
8801862645267185670
-4695902324177714464
-7613649035333441427
4439300072982724378
4097061922918029477
7964842252595919684
3985227039547805548
8770155284143388830
-7561702710078777854
7661448643031355638
-5538791370416221605
-1987053071250659675
4166569781220961973
-7654463700269312814
2736442069163249580
6044775733952889166
-5815139288113348487
-3789949992755002762
7302852430955855644
5553685051122061898
-9093584799165598106
-6224680183836029267
